# gene body coverage
# coverage calculated using RSeQC
# Illumina
HCC827_5_repeat_S14.sorted <- c(0.0,0.07978128516737039,0.15042479872155073,0.21005097263090083,0.2628079068876896,0.3115006169426149,0.349264686670998,0.3883548246064772,0.4160327635451697,0.4422601604600145,0.46636064955234313,0.4858184930575365,0.5070174961415127,0.5274009210526492,0.5430286154451774,0.5579524767274828,0.567352460675854,0.5807713812587452,0.583622890158757,0.5946088768723495,0.6086066208011692,0.6170637390353507,0.6254290762528745,0.6328130935200325,0.6426974400599618,0.6518413750698909,0.6553983249227532,0.6667429945291815,0.6754692924165968,0.6818760093399578,0.6786627358487406,0.6847915639713016,0.6932075482315941,0.6991591117044645,0.704812420369919,0.7056822632314395,0.7026356694259479,0.7070785405666065,0.7111356634635315,0.7178154456598097,0.7253941458717904,0.7333902152325135,0.7444410515987516,0.7603833471987429,0.7662265152811373,0.771676431854203,0.7815753829646662,0.7874283320897117,0.7967276918869735,0.7985614364037277,0.8073624989733255,0.8082308679791039,0.8161827216675687,0.8209422038189746,0.8244479706815256,0.8327560954988847,0.840665207370833,0.8467061400964196,0.8513857660639892,0.8508656289739673,0.8565011173836328,0.8638423928342742,0.8777056139299197,0.8856582715396982,0.8935375043361505,0.9015515279395483,0.9036974618998241,0.9087742249964058,0.9122991519836021,0.919120558317993,0.9260404450133229,0.9336322759400956,0.9385374018361831,0.9441222432030798,0.948515003248512,0.9509077410521213,0.9550914815559682,0.9579070819706309,0.9628747797423084,0.9683587289843245,0.9790143040379494,0.9868347165916095,0.9894006994383404,0.9933305347939154,0.9996096962021551,0.9965821285344233,1.0,0.9998083987535468,0.9952020636124177,0.9884104023666371,0.9793080032912539,0.9650672071518984,0.9461323144613252,0.9198084469888256,0.8924223314870388,0.85353062812918,0.8010495728699066,0.7314214119350426,0.6363697753991235,0.500461919788215)
H1975_1_S9.sorted <- c(0.0,0.08354439598791596,0.15533381110110905,0.2149312626178761,0.26839435068737383,0.31799888132423243,0.357201183931854,0.39286421781549424,0.4213681637694712,0.4458731351762351,0.47160704765733563,0.4932781861138544,0.515459429067508,0.5350658241639792,0.5522335643515323,0.5661109703055675,0.5766477890130891,0.5884926426675756,0.5926500962818597,0.603271835298299,0.6166448175305815,0.6278159894891089,0.6397785371566408,0.6516767027031751,0.6604338364461069,0.6720934094265912,0.6779625243617867,0.685659101039145,0.6934596796042685,0.6967791460192331,0.6974673938059156,0.7048207933858295,0.7104836524763811,0.71746547108194,0.7241960246225198,0.726438911272115,0.7269981034949878,0.7321100730343789,0.7407844713820015,0.7462404919842803,0.7538761824024145,0.7630778732342256,0.7723516662151179,0.7852786347494487,0.7923353230613261,0.7991459901008847,0.8084975660062401,0.8161313628325803,0.8250756708413083,0.833723995886536,0.8401709476407303,0.8411349315248076,0.8499949018682468,0.8547191220725799,0.8568648528970498,0.8645561857817475,0.8681420659960438,0.8755420770662729,0.8797985800974762,0.8808769077937325,0.8828567308448624,0.8929280172928629,0.9082132359153186,0.9160192039340098,0.9213154345210524,0.9310435438716087,0.933406455108765,0.9392716371994652,0.9426524268563754,0.9488951620186271,0.9525493571984164,0.9578809833859169,0.9608402303772908,0.9658347972254511,0.9674721714836728,0.9693144906383735,0.9745708101368339,0.9758122780491926,0.9786228052542802,0.9843381022714361,0.9908307915505021,0.9957356312798059,0.9991001069151059,0.9995885079370629,1.0,0.9995478685439444,0.9984581792969239,0.9976940421775723,0.9939266684728619,0.9851283126931828,0.9727704413234167,0.9534403649679691,0.929681614388967,0.9011537800462036,0.8647041772634977,0.8249254944459496,0.7717476104328168,0.7038930790676536,0.613324185828359,0.4913228340951399)
HCC827_2_S13_merged.sorted <- c(0.0,0.07738472208850289,0.151090489670403,0.20825387031689183,0.2581883108220847,0.30426586789730287,0.33989480768724745,0.37551679683026057,0.40367543335469575,0.4312963876915042,0.4574438812595779,0.4786385042238356,0.49700325912779386,0.5161746709794794,0.5341024516955817,0.5493797826990989,0.5614319371456817,0.5740082543897059,0.5822061987320569,0.5959509884679219,0.6099605902138023,0.616769130786848,0.6273959061377,0.638823151596703,0.6508029352963896,0.6614417024227167,0.6690604898380587,0.6830116221309056,0.6912053655328035,0.6932011941516951,0.6925856036138476,0.7011257336512859,0.7101445417581692,0.7187177064637159,0.7282431861796086,0.7350736098333781,0.7379894826018624,0.745981008006496,0.7537422454935653,0.7637970818969141,0.7686268267550871,0.773528675027582,0.7839292106398518,0.7949942586510635,0.7992533248438691,0.8049206608476512,0.8135675329629657,0.8178398894037502,0.8262600253057015,0.8340220647904936,0.8410972887015745,0.8463221892949114,0.8528963173906752,0.8568145345512649,0.8611810302485662,0.865466295033652,0.8696856432439922,0.875507993950493,0.8781983525973823,0.8816293752365177,0.8878982477228134,0.8936610978363515,0.909360699736139,0.9178282298844745,0.9260696730556988,0.9337599146491109,0.9372447093260458,0.9420191927220769,0.9448680795855184,0.9521987588665145,0.9553524812453787,0.9577675255311201,0.9614823789834129,0.9680714395129689,0.9741414929447305,0.9779506384150112,0.9825154948824334,0.9839307917210768,0.9881466646079512,0.9921568823644634,0.9966698381221063,0.9993608841956152,0.9987176056411451,1.0,0.9978166948657977,0.9949618121146186,0.9925304605418457,0.9869487091522032,0.9781572101141995,0.9692642010787023,0.95687329807013,0.9392166689650903,0.9170814172430198,0.8907688649055077,0.8558546196577357,0.810847118496653,0.7571586412218504,0.687518734762282,0.5985264704886034,0.48884014440083573)
H1975_3_S11.sorted <- c(0.0,0.08808367370006186,0.16307130388443156,0.22453259360912947,0.2795283541581636,0.3315626880106112,0.3707519577533744,0.4063115538801156,0.43575871839915203,0.46064932818627397,0.4867809912334734,0.5081688014845733,0.5294206170542868,0.5493795873774786,0.5676971751868828,0.5820779205550016,0.5907823945031438,0.6027152356063067,0.6074535508944215,0.6178041305249264,0.63085571110886,0.6418554821166179,0.6536850649826562,0.6651942867249973,0.6741476227966826,0.6854990255614626,0.692230355120387,0.6992012633335863,0.7059578374142053,0.7090795261065814,0.7095866966908178,0.7155818634235546,0.7212473855633258,0.7272700769681036,0.7341147625728305,0.7360812293788903,0.7372300994178125,0.7425698857937838,0.7511097003133252,0.7567933007879873,0.7637951538987476,0.7721118394200861,0.7819249550403212,0.794087439856963,0.8017687777710097,0.8086950601845684,0.8169845467696296,0.8255647525238822,0.8350860088997525,0.843337547268331,0.8498688750682823,0.8511898964583727,0.8593611409611746,0.8633675279880312,0.8648755217065427,0.8723000169708333,0.8763998901619005,0.8823727439948169,0.88672343372401,0.8877981988766677,0.8892894172033435,0.8994162163641178,0.9144912675127762,0.9227170727560144,0.9275881253678778,0.9368984678366878,0.9391468589463164,0.9436964103593094,0.9471645190364867,0.9520316628191844,0.9564224180473249,0.9616244181952088,0.9645926853428353,0.9693399583644546,0.9709218941013488,0.9731930867144434,0.978055670196448,0.9798581290454346,0.9822527755130094,0.9879490796824597,0.9932286049421282,0.9973587715592287,1.0,0.9996056968579202,0.9999881106446213,0.9995236114454427,0.9972555133221042,0.9962491526798444,0.9914447130316781,0.9817897421247679,0.9699427323953663,0.9515697695061162,0.9279518093481604,0.8984864036263511,0.8612435679401741,0.8209718782543038,0.7667119547956937,0.6979862689346128,0.6079170728863088,0.48582967993529586)
